Number of vertices: 14

Start vertex:       10

    

0    20    0    0    0    0    62    0    0    0    0   0    0    0
    
8    0    0    10    0    0   0   0    0    50    0    0   0    0
    
0    0    0    0    0    0   43    0    0   60    0    0    0   30
    
0   0    0    50    0    0    0    0    0    20    0    0    0    0
    
0    0    0   0    36   0    0    0    0    0    0    70    0    0
   
14   0   0    0    0    0    0    0    30    0   0    0    0    0
    
0    0   0    0    14    0    0    20    0    0    0    0    0    0
    
0    10    0    0    0    0    0    0    0    0    0    0    0    0
    
0    0    0    0    0    0   65    0    0    0   0    0    0    30
    
0    0    0    60    0    0    0   0    0    0   3    0    0    0
    
0    0    0    0    0    0    0    10   0    0    0    0    0    0
    
0    0   0    0   51    0   90   0    0    0    48    0    18    0
    
0    0    0    0    10    0    0    0    84    0    0    60    0   0
    
0    0   49    0   17    0    10    0   0    0   0    0    20    0
