Number of vertices: 22

Start vertex:       7

    
0    0    0    0    0    0    0    0    0    0   29    0    0    0    0    0    0    0    0    0    0    0

12   0    0    0   24    0    0    0   35    0   78    0    0   46    0    0    0    0    0    0    0    0
    
0    0    0    0    0    0    0    0    0    0    0    0   59    0    9    0    0    0    0    0   94    0
   
0    0    0    0    0    0    0    0    0    0    0    0    0    0    0    0    9    0   56    0    0   35
 
0    0    0    0    0    0    0    0    0    0    0    0    0    0   72    0    0    0    0    0    0    0
   
0    0   35    0    0    0    0    0    0    0    0    0    0    0    0    0    0    0    0    0   56    0

0    0    0    0    0    0    0    0    0    0    0    0    0    0    0    0    0    0   28    0   57    0

88   0    0   12   30    0    0    0   24    0    0    0    0    0    0    0    0    0    0    0    0   58
    
0    0    0    0    0    0    0    0    0    0    0    0   89   67    0    0    0   40    0    0    0    0
    
0    0    0    0    0    0    0    0    29    0    0    0    0    0    0    0    0    0    0    0    0   66
    
0    0    0    0    0    0   44    0    0    0    0   55    0    0   64    0    0    0   21    0    0   14
    
0    0    0    0    0    0    0    0    0    0    0    0    0    0   55    0    0    0    0    0    0   47

0    0    0    0    0    0    0    0   47    0    0    0    0    0    0    0    0    0    0    0    0   61

0    0    0    0    0    0    0    0   49    0    0    0    0    0    0    0    0    0    0    0    0    0
   
39   0    0   57    0    0    0    0    0    0    0    0   58    0   29    0    0    0    0    0    0   82
    
0    0    0    0   67   32    0    0    0    0    0   78    0    0    0    0    0    0   16   54    0    0

31   0    0    0   50    0    0    0    0    0    0    0    0   75   42    0    0    0    0    0    0    0

0    0    0    0    0    0    0    0    0    0    0    0    0    0    0    0    0    0    0   88    0    0
    
0    0    0    0    0    0    0   66    0    0    0    0    0    0    0    0    0    0    0    0    0    0

88   0    0    0    0    0   82    0    0    0    0    0   51    0    0    0   55    0   28   48    0    0

0    0    0    0    0    0    0    0    0    0    0    0    0    0    0    0    0    0    0    0    0    0
    
0    0    0    0    0    0    0    0    0   73    0    0    0    0    0    0    0    0    0    0    0    0
