Number of vertices: 11
Start vertex:       6    

0    0    0   3    0    0    0    0    12    0    0
0    0    0   20    0   84    0    0   83    0    0
0    0    0    0    0    0    0    0    0    0    0
0    0    0   97    0    0    0    0    0   58    0
0    0    0    0    0   81    0    0    0    0    0
0    0    0    0    0    0    0    0    0    0    0
0   87    0    0    0    0    0    0    0    0    0
0    0    0    0    0    0    0    0    0    0    0
0    0    0    0    0   23    0    0    0    0    0
0    0    0    0    0    0   65    0    0    0    0
0   27    0    0    0    0    0    0    0    0    0