Number of vertices: 23

Start vertex:       13

    
0    0    0    0    0   28   79    7    0    0    0    0   22   57   43    0    0    0    0   94    0    0   24 

0    0    0    0    0    6    0   89    0    0    0    0    0    0    0   71    0    0    0    0    0    0    0 
    
0    0    0    0   69    0    0    0    0    0    0    0    0    0    0    0    0   88    0    0    0    0    0 
    
0    0   47   86    0    0   86    0    0    0   45    0    0    0    0   84    0    0    0    0   34   61    0 
    
0    0    0    0    0    0    0    0    0    0    0    0    0    0    0    0    0    0    0   29    0   53    0 
    
0   27    0    0    0    0    0    0   89    0   9    0    0    0    0   24    0    0    0    0    0    0    0  
    
0    0    0    0    0    0    0    0    0    0    0    0    0   94    0    0    0    0   74    0    0    0    0 
    
0    0    0    0   64    0   30   67    0    0    0   31    0   84    0   58    0    2    0    0    0    0    0 

69   0    0    0    0    0    0    0    0    0    0    0    0    0   58    0    0    0    0    0    0    0    0 
   
92   0    0    0    0   26    0   62    0    0    0    0    0    0    0   56    0    0    0    0    0    0    0 
    
0    0    0    0    0    0    0    0    0    0    0    0   38    0    0    0    0    0    0    0    0    0    0 
    
2    0   74    0    0    0    0    0    0    0   70    0    0    0    0   88    0    0    0    0    0   66    0 

69   0    0    0    0   78   89    0    0    0    0   50   86    0    0    0    0    0    0    0    0    0    0 
    
0    0    0    0    0   63    0    0    0    0    0    0    0    0    0    0    0    0    0    0    0   46   49 
    
0   42    0    0    0    0    0    0    0    0    0    0    0    0    0    0    0    0    0    0    0    0   64 
    
0    0    0    0    0    0   83    0    0    0   28   43    0    0    6    0    0    0    0   76    0    0    16
    
0   71    0    0    0    0    0    0    0    0    0    0    0    0    0    0    0    0    0    0    0    0    0 
    
0   63    0    0    0    0    0   57    0    0    0    0   38   72    0    0   58    0    0    0    0    0    0 
    
0    0    0    0   32    0    0    0    0    0    0    0    0    0    0    0    0    0    0    0    0    0    0 

0    6    0    0    0    0    0    0    0    0    0    0    0    0    0    0    0    0    0    0    0    0   40 
    
0    0    0    0    0    0    0    0    0   50    0    0    0    0    0    0    0    0    0    0    0    0    0 
    
0    0    0    0    0   26    0    0    0    0    0    0    0    0    0    0    0    0   63    0    0    0    0 
    
0    0   41    0    0    0    0    0   74    0    0    0   51    0    0   89    0   26    0    0    0    0    0 

0    0    0    0    0    0    0    0    0    0    0    0    0    0    0    0    0    0    0   25    0    0    0 
